100110111
100111001
111110111
000110111
111110111
100111000
000111110
100000001
111111000
100000001
000000111
110110000
100001001
000000001
110111000
101000110
100001001
000110001
101001110
100010000   //loop::
100011101
100100100
111011100
100100101
000011100
100100001
111011100
100100000
000100011
001011000
010011011
001100001
010100100
010011100
000010011
100011110
100100011
111011100
100100011
000011100
100100010
111011100
100100000
000100011
001011000
010011011
001100001
010100100
010011100
100100001
111011100
000010011
100011111
100100011
111011100
100100100
000011100
100100010
111011100
100100000
000100011
001011000
010011011
001100001
010100100
010011100
100100010
111011100
000010011
100100000
000100001
010100100
100101011
111100101
000010100
100100000
100110000
000110010
100011000
000011000
010011011
100100000
000100001
010100100
010011100
100111000
011011010   //beq skip1
100101000
000101110
100110000
000110011
011011011   //beq skip2
100110000
000110101
100101001
100100111
100011011
111100011
100011110
000100011
100011010
111100011
001110100
100111000
011010100   //beq small
000010100
111101010
010001101
100011000
100100001
100110000
100111000
011010101   //beq hello
111101010   //small::
010000101
100011000
100100001
100110000
100111000
011010110   //beq hello
100011001   //skip2::
100100000
100110000
100111000
011010111   //beq hello
100011000   //skip1::
100100000
100010111   //hello::
100101010
111010101
000010101
001010001
100101011
111010101
100101111
100110101
111101110
001101000
100110100
111101110
000010101
100101001
100110011
111101110
001101000
100110101
111101110
000010101
100000000
000000010
100010111
100101101
111010101
001001010
100010011
111001010
100010001
111011010
000011100
100010110
111011010
000001011
100110111
100111001
111110111
000110111
111110111
100010001
111110010
100111101
000111110
101010111
110000010
100011001
000010011
110001010
000010011
110010111
100000001
000000110
101111000
100001010
000111001
100001001
000000001
101110000
011010011   //beq end(195)
100100111
100101011
111100101
100101101
000100101
110111100
101000111
100001001
000111001
101001111
100110000
100111000
011010010   //beq loop
